lastAccountName: superperz
timestamps:
  login: 1641744831756
  logout: 1641744865792
ipAddress: 26.112.48.153
lastlocation:
  world: world
  x: 329.9025620095646
  y: 71.0
  z: 2.970362164547481
  yaw: -79.70478
  pitch: 37.43664
logoutlocation:
  world: world
  x: 1405.5
  y: 74.0
  z: -218.5
  yaw: 168.977
  pitch: 33.508034
