lastAccountName: gatohost
timestamps:
  login: 1642156745881
  logout: 1642159006703
  lastteleport: 1642158409187
  kits:
    hvh: 1642156878355
ipAddress: 127.0.0.1
logoutlocation:
  world: world
  x: 1210.277403110655
  y: 69.0
  z: -220.34618650786098
  yaw: 92.55873
  pitch: 6.159332
lastlocation:
  world: world
  x: 1131.2860997116954
  y: 69.10408037809304
  z: -265.78025079526833
  yaw: 0.5463867
  pitch: -62.010345
godmode: false
afk: false
