lastAccountName: _F1ne_
timestamps:
  login: 1641744063955
  logout: 1641744084259
ipAddress: 236.1.218.77
logoutlocation:
  world: world
  x: 270.016172997652
  y: 64.0
  z: 53.81975148894175
  yaw: -129.05467
  pitch: 24.645117
