lastAccountName: Wick4301
timestamps:
  login: 1641744165432
  logout: 1641744496515
ipAddress: 123.159.19.110
lastlocation:
  world: world
  x: 343.3885741454139
  y: 75.7531999805212
  z: -28.33447966719237
  yaw: -165.29979
  pitch: 17.399956
logoutlocation:
  world: world_nether
  x: 201.02596549919528
  y: 42.0
  z: -56.93132717561503
  yaw: 356.7365
  pitch: 31.88823
