lastAccountName: XxChillGamerxX
timestamps:
  login: 1641823528967
  logout: 1641823552815
ipAddress: 58.128.205.129
logoutlocation:
  world: world
  x: 286.95791061936967
  y: 69.0
  z: 4.66403223678604
  yaw: 186.30136
  pitch: 30.899908
