lastAccountName: qtaustin
timestamps:
  login: 1641742828945
  logout: 1641742841398
ipAddress: 9.18.157.11
logoutlocation:
  world: world
  x: 282.9072306280439
  y: 69.0
  z: 9.742690151971084
  yaw: -84.628975
  pitch: 13.095479
