lastAccountName: ReSleeves
timestamps:
  login: 1641750822898
  logout: 1641751259533
ipAddress: 84.176.29.75
logoutlocation:
  world: world
  x: 514.2256968266763
  y: 73.8500000178814
  z: -269.83965176028454
  yaw: 87.72806
  pitch: 19.334513
