lastAccountName: Barabajagals
timestamps:
  login: 1641747350955
  logout: 1641747466467
ipAddress: 250.147.115.242
logoutlocation:
  world: world
  x: 297.2275838291793
  y: 63.0
  z: -25.92288976976811
  yaw: 160.6505
  pitch: -22.500008
