lastAccountName: LuvGrey
timestamps:
  login: 1641735962171
  logout: 1641736196564
ipAddress: 59.127.85.241
lastlocation:
  world: world_nether
  x: 163.55959064834653
  y: 32.135019399906746
  z: -182.10558824678841
  yaw: 44.25343
  pitch: 0.5999861
logoutlocation:
  world: world_nether
  x: 143.5
  y: 54.0
  z: -195.5
  yaw: 196.3641
  pitch: 85.04997
