lastAccountName: Akfoz
timestamps:
  login: 1641748190170
  logout: 1641748242424
ipAddress: 228.171.11.195
logoutlocation:
  world: world
  x: 360.733326474325
  y: 65.0
  z: -76.46131231072177
  yaw: 207.78795
  pitch: 8.097054
