lastAccountName: broppin
timestamps:
  login: 1641834718842
  logout: 1641836060346
  lastteleport: 1641836015988
  kits:
    hvh: 1641821192838
ipAddress: 95.79.23.90
lastlocation:
  world: world
  x: 1380.2570043108906
  y: 157.17460793230472
  z: -213.27008622325607
  yaw: 349.42322
  pitch: 15.736913
logoutlocation:
  world: world
  x: 1396.3059333693425
  y: 60.0
  z: -196.44819174445595
  yaw: 345.61572
  pitch: 17.610987
unlimited:
- COBBLESTONE
