lastAccountName: _ItsRangerX
timestamps:
  login: 1641747761735
  logout: 1641747869001
ipAddress: 191.194.223.140
lastlocation:
  world: world
  x: 263.2686824177006
  y: 66.0
  z: 5.892816141744041
  yaw: -301.05362
  pitch: 48.45002
logoutlocation:
  world: world
  x: 1220.519970478249
  y: 76.0
  z: -232.68537928967518
  yaw: -84.93913
  pitch: 2.5117319
