lastAccountName: Minerman2006
timestamps:
  login: 1641737153952
  logout: 1641737208560
ipAddress: 148.65.22.179
logoutlocation:
  world: world
  x: 257.69999998807907
  y: 57.0
  z: 69.52220835481857
  yaw: 48.150154
  pitch: 47.099564
