lastAccountName: FlamingHoboo
timestamps:
  login: 1641743999099
  logout: 1641744206601
ipAddress: 249.226.176.136
lastlocation:
  world: world
  x: 343.74734771770073
  y: 68.67647087614428
  z: -60.70996504193002
  yaw: -155.55057
  pitch: 29.249979
logoutlocation:
  world: world_nether
  x: 218.83001323758756
  y: 34.0
  z: -77.45727916938333
  yaw: 225.28674
  pitch: 34.5
