lastAccountName: perunaboi123
timestamps:
  login: 1641735081288
  logout: 1641735116786
ipAddress: 117.220.181.105
lastlocation:
  world: world
  x: 265.985211468757
  y: 67.0
  z: 6.3533114503093975
  yaw: -81.47856
  pitch: 36.170784
logoutlocation:
  world: world
  x: 411.5940473941512
  y: 11.0
  z: -256.69999998807907
  yaw: 47.52892
  pitch: 31.805304
