lastAccountName: PandaXz
timestamps:
  login: 1641750583823
  logout: 1641750584726
ipAddress: 121.85.58.68
logoutlocation:
  world: world
  x: 324.2292101741313
  y: 69.0
  z: 21.219559845471803
  yaw: -51.298553
  pitch: 43.050037
