lastAccountName: Heavy_1301
timestamps:
  login: 1641753677117
  logout: 1641753755545
ipAddress: 67.196.205.127
logoutlocation:
  world: world
  x: 248.07816007176362
  y: 64.0
  z: -55.640057731438105
  yaw: -319.20752
  pitch: 30.299763
