world: world
x: 1234.4052845286506
y: 29.0
z: -408.1327586039728
yaw: 215.2395
pitch: 73.54521
name: bigcave
lastowner: c95eb39e-5477-420e-ac97-c697a0ed66b6
