world: world
x: 1381.196472509111
y: 64.0
z: -274.5888740541359
yaw: -176.46338
pitch: 7.1816235
name: casa
lastowner: c95eb39e-5477-420e-ac97-c697a0ed66b6
