world: world
x: 986.7012379205853
y: 12.0
z: -330.623632967683
yaw: 10.719727
pitch: 1.9055843
name: incaominamare
lastowner: c95eb39e-5477-420e-ac97-c697a0ed66b6
