world: world
x: 1046.3056582135905
y: 15.0
z: -291.69999998807907
yaw: 4.696424
pitch: 26.867506
name: minafoartemare
lastowner: c95eb39e-5477-420e-ac97-c697a0ed66b6
