world: world_nether
x: 35.219547702174665
y: 9.0
z: -24.414402404810176
yaw: -96.66596
pitch: 10.342283
name: nether
lastowner: c95eb39e-5477-420e-ac97-c697a0ed66b6
