world: world_nether
x: 36.41518949604226
y: 9.0
z: -24.57468248519472
yaw: -78.4522
pitch: 12.317265
name: nether1
lastowner: c95eb39e-5477-420e-ac97-c697a0ed66b6
